[gd_scene load_steps=5 format=3 uid="uid://3p5tbygat322"]

[ext_resource type="Script" path="res://Examples/TopdownPlayer/TopdownPlayer.gd" id="1_ng0bf"]
[ext_resource type="PackedScene" uid="uid://k52y3fm5uaei" path="res://RogueCharacter/RogueCharacter.tscn" id="2_0u127"]

[sub_resource type="CapsuleShape3D" id="CapsuleShape3D_7r4wa"]
radius = 0.35
height = 1.5

[sub_resource type="SphereShape3D" id="SphereShape3D_83146"]
radius = 0.2

[node name="TopdownPlayer" type="CharacterBody3D"]
script = ExtResource("1_ng0bf")

[node name="Collision" type="CollisionShape3D" parent="."]
transform = Transform3D(1, 0, 0, 0, 1, 0, 0, 0, 1, 0, 0.85, 0)
shape = SubResource("CapsuleShape3D_7r4wa")

[node name="SpringArm" type="SpringArm3D" parent="."]
transform = Transform3D(1, 0, 0, 0, 0.5, 0.866025, 0, -0.866025, 0.5, 0, 2.40449, 0.8)
shape = SubResource("SphereShape3D_83146")
spring_length = 10.0

[node name="Camera" type="Camera3D" parent="SpringArm"]
current = true

[node name="RogueCharacter" parent="." instance=ExtResource("2_0u127")]
transform = Transform3D(1, 0, 0, 0, 1, 0, 0, 0, 1, 0, 0, 0.2)

[node name="Rogue" parent="RogueCharacter" index="0"]
transform = Transform3D(0.7, 0, 0, 0, 0.697336, 0.061009, 0, -0.061009, 0.697336, 0, 0, -0.1)

[node name="Skeleton3D" parent="RogueCharacter/Rogue/Rig" index="0"]
bones/1/position = Vector3(0, 0.387399, 0)
bones/1/rotation = Quaternion(-1.11123e-10, 0.0431578, 2.57241e-09, 0.999068)
bones/2/rotation = Quaternion(-6.93889e-18, 7.10543e-15, 4.93038e-32, 1)
bones/3/rotation = Quaternion(8.27181e-25, 3.72529e-09, 0, 1)
bones/4/position = Vector3(0.212007, 0.134132, 7.92996e-08)
bones/4/rotation = Quaternion(-0.558376, -0.0596946, -0.64182, 0.522226)
bones/5/rotation = Quaternion(2.82742e-08, -5.44151e-08, -0.500885, 0.865514)
bones/7/rotation = Quaternion(-0.321397, -0.328269, 0.147436, 0.875903)
bones/8/position = Vector3(8.34843e-10, 0.0961252, -0.0575)
bones/8/rotation = Quaternion(0.000184887, 0.000184874, -0.706428, 0.707785)
bones/10/position = Vector3(-0.212007, 0.134132, 8.6814e-08)
bones/10/rotation = Quaternion(-0.616717, 0.0796876, 0.616288, 0.483218)
bones/11/rotation = Quaternion(2.55368e-08, 5.13088e-08, 0.523848, 0.851812)
bones/13/rotation = Quaternion(-0.319805, 0.303761, -0.229193, 0.867712)
bones/14/position = Vector3(-1.5736e-08, 0.0961251, -0.0575)
bones/14/rotation = Quaternion(0.000519256, 0.000611604, 0.706568, 0.707644)
bones/19/rotation = Quaternion(-5.8061e-11, -0.0313416, -1.88013e-09, 0.999509)
bones/21/position = Vector3(0.170945, 0.113587, 1.59941e-08)
bones/21/rotation = Quaternion(0.993183, 0.0832627, 0.075023, 0.0320527)
bones/22/rotation = Quaternion(0.250567, 6.41132e-08, -1.7507e-07, 0.968099)
bones/23/rotation = Quaternion(-0.54613, -0.207741, 0.052119, 0.809858)
bones/24/rotation = Quaternion(-9.74126e-09, 0.920355, -0.391084, 7.8309e-08)
bones/25/position = Vector3(-0.170945, 0.113587, 1.55755e-08)
bones/25/rotation = Quaternion(0.996219, -0.0303409, 0.0311087, 0.0752322)
bones/26/rotation = Quaternion(0.315654, -6.33427e-08, 2.19643e-07, 0.948875)
bones/27/rotation = Quaternion(-0.581193, 0.1142, -0.0121278, 0.805622)
bones/28/rotation = Quaternion(3.03597e-08, 0.920355, -0.391084, -6.95338e-08)
bones/29/rotation = Quaternion(0.707107, -2.29302e-07, -4.60551e-08, 0.707107)
bones/30/position = Vector3(0.202182, 0.0259903, 0.205181)
bones/30/rotation = Quaternion(-0.707107, -7.05285e-08, -7.05285e-08, 0.707107)
bones/31/rotation = Quaternion(9.65792e-09, 1.77955e-09, 0.985719, -0.168398)
bones/32/position = Vector3(-2.60494e-08, 0.213436, -5.1715e-09)
bones/32/rotation = Quaternion(-1.01273e-07, 0.391084, 0.920355, -3.35091e-08)
bones/33/position = Vector3(8.58988e-09, 0.16565, -2.40963e-09)
bones/34/rotation = Quaternion(1, -2.33136e-09, 1.99777e-07, -1.34211e-15)
bones/36/rotation = Quaternion(0.707107, -3.82385e-08, 1.45009e-07, 0.707107)
bones/37/rotation = Quaternion(-0.707107, -7.05285e-08, -7.05285e-08, 0.707107)
bones/38/rotation = Quaternion(-5.83589e-09, 6.43837e-10, 0.994809, 0.101756)
bones/39/position = Vector3(-1.11482e-08, 0.213436, -2.50942e-15)
bones/39/rotation = Quaternion(-1.05796e-07, 0.391084, 0.920355, -2.58643e-08)
bones/40/position = Vector3(-6.31128e-09, 0.16565, 2.70695e-09)
bones/41/rotation = Quaternion(1, 3.76526e-09, 1.94879e-07, 7.45058e-09)
bones/43/rotation = Quaternion(-0.707107, -7.27951e-08, -7.27951e-08, 0.707107)
bones/44/position = Vector3(0.520841, 0.78616, -0.0576373)
bones/44/rotation = Quaternion(0.794627, -1.11759e-07, 0.607098, -5.96046e-08)
bones/45/rotation = Quaternion(-0.707107, -7.27951e-08, -7.27951e-08, 0.707107)
bones/46/position = Vector3(-0.510844, 0.78616, 0.0597369)
bones/46/rotation = Quaternion(0.758253, 1.52737e-07, -0.651961, 1.11759e-08)

[node name="Knife_Offhand" parent="RogueCharacter/Rogue/Rig/Skeleton3D" index="0"]
transform = Transform3D(-1.09348e-07, 0.262864, 0.964832, 0.999997, -0.00191842, 0.000523151, 0.00198881, 0.96483, -0.262863, 0.507688, 0.634691, -0.0181576)

[node name="1H_Crossbow" parent="RogueCharacter/Rogue/Rig/Skeleton3D" index="1"]
transform = Transform3D(0.98846, -0.151475, 0.000358187, 0.000128729, -0.00152169, -0.999998, 0.151476, 0.988459, -0.00148501, -0.48937, 0.74373, 0.0968747)

[node name="2H_Crossbow" parent="RogueCharacter/Rogue/Rig/Skeleton3D" index="2"]
transform = Transform3D(0.98846, -0.151475, 0.000358187, 0.000128729, -0.00152169, -0.999998, 0.151476, 0.988459, -0.00148501, -0.48937, 0.74373, 0.0968747)

[node name="Knife" parent="RogueCharacter/Rogue/Rig/Skeleton3D" index="3"]
transform = Transform3D(-0.000358183, -0.151475, 0.98846, 0.999998, -0.00152154, 0.000128747, 0.00148486, 0.988459, 0.151476, -0.490902, 0.639086, 0.106958)

[node name="Throwable" parent="RogueCharacter/Rogue/Rig/Skeleton3D" index="4"]
transform = Transform3D(-0.000358167, -0.151475, 0.98846, 0.999998, -0.00152152, 0.000128733, 0.00148485, 0.988459, 0.151476, -0.518205, 0.638812, 0.285124)

[node name="Rogue_Cape" parent="RogueCharacter/Rogue/Rig/Skeleton3D" index="5"]
transform = Transform3D(0.996275, -5.14962e-09, 0.0862353, 5.13043e-09, 1, 4.44077e-10, -0.0862353, 1.88007e-15, 0.996275, -4.17227e-09, 1.19761, 1.52591e-15)

[node name="AnimationTree" parent="RogueCharacter" index="1" node_paths=PackedStringArray("character")]
parameters/current_position = 0.149971
parameters/Idle/current_position = 0.149971
character = NodePath("../..")

[editable path="RogueCharacter"]
[editable path="RogueCharacter/Rogue"]
