[gd_scene load_steps=5 format=3 uid="uid://dsyqnoeoh12gw"]

[ext_resource type="Script" path="res://Examples/ThirdPersonPlayer/ThirdPersonPlayer.gd" id="1_wyx1d"]
[ext_resource type="PackedScene" uid="uid://k52y3fm5uaei" path="res://RogueCharacter/RogueCharacter.tscn" id="2_4ytpv"]

[sub_resource type="CapsuleShape3D" id="CapsuleShape3D_rgx0g"]
radius = 0.35
height = 1.5

[sub_resource type="SphereShape3D" id="SphereShape3D_kgnbs"]
radius = 0.1

[node name="ThirdPersonPlayer" type="CharacterBody3D"]
script = ExtResource("1_wyx1d")
cameraSpringLength = 1.5

[node name="Collision" type="CollisionShape3D" parent="."]
transform = Transform3D(1, 0, 0, 0, 1, 0, 0, 0, 1, 0, 0.75, 0)
shape = SubResource("CapsuleShape3D_rgx0g")

[node name="CameraPivotY" type="Node3D" parent="."]
transform = Transform3D(1, 0, 0, 0, 1, 0, 0, 0, 1, 0, 1.25516, 0)

[node name="CameraPivotX" type="Node3D" parent="CameraPivotY"]

[node name="SpringArm" type="SpringArm3D" parent="CameraPivotY/CameraPivotX"]
transform = Transform3D(1, 0, 0, 0, 1, 0, 0, 0, 1, 0.336565, -0.272418, 0)
shape = SubResource("SphereShape3D_kgnbs")

[node name="Camera" type="Camera3D" parent="CameraPivotY/CameraPivotX/SpringArm"]
current = true
fov = 80.0

[node name="RogueCharacter" parent="." instance=ExtResource("2_4ytpv")]

[node name="Skeleton3D" parent="RogueCharacter/Rogue/Rig" index="0"]
bones/1/position = Vector3(0, 0.387396, 0)
bones/1/rotation = Quaternion(-1.11123e-10, 0.0431578, 2.57241e-09, 0.999068)
bones/2/rotation = Quaternion(-6.93889e-18, 7.10543e-15, 4.93038e-32, 1)
bones/3/rotation = Quaternion(8.27181e-25, 3.72529e-09, 0, 1)
bones/4/position = Vector3(0.212007, 0.134132, 7.92996e-08)
bones/4/rotation = Quaternion(-0.556315, -0.0627784, -0.652821, 0.510291)
bones/5/rotation = Quaternion(1.8393e-08, -6.12899e-08, -0.480038, 0.877248)
bones/7/rotation = Quaternion(-0.318314, -0.325936, 0.137859, 0.879453)
bones/8/position = Vector3(8.34843e-10, 0.0961252, -0.0575)
bones/8/rotation = Quaternion(0.00119608, 0.00119605, -0.702702, 0.711482)
bones/10/position = Vector3(-0.212007, 0.134132, 8.6814e-08)
bones/10/rotation = Quaternion(-0.615329, 0.0826833, 0.625885, 0.472019)
bones/11/rotation = Quaternion(1.58017e-08, 5.57125e-08, 0.503931, 0.863744)
bones/13/rotation = Quaternion(-0.316645, 0.300281, -0.219455, 0.872586)
bones/14/position = Vector3(-1.5736e-08, 0.0961251, -0.0575)
bones/14/rotation = Quaternion(0.00238035, 0.0028037, 0.704631, 0.709565)
bones/19/rotation = Quaternion(-5.8061e-11, -0.0313416, -1.88013e-09, 0.999509)
bones/21/position = Vector3(0.170945, 0.113587, 1.59941e-08)
bones/21/rotation = Quaternion(0.993182, 0.0832626, 0.0750236, 0.0320617)
bones/22/rotation = Quaternion(0.25059, 6.4115e-08, -1.75086e-07, 0.968093)
bones/23/rotation = Quaternion(-0.546142, -0.20774, 0.0521227, 0.80985)
bones/24/rotation = Quaternion(-9.74126e-09, 0.920355, -0.391084, 7.8309e-08)
bones/25/position = Vector3(-0.170945, 0.113587, 1.55755e-08)
bones/25/rotation = Quaternion(0.996218, -0.0303413, 0.0311085, 0.0752394)
bones/26/rotation = Quaternion(0.315672, -6.33411e-08, 2.19657e-07, 0.948868)
bones/27/rotation = Quaternion(-0.581203, 0.1142, -0.0121294, 0.805614)
bones/28/rotation = Quaternion(3.03597e-08, 0.920355, -0.391084, -6.95338e-08)
bones/29/rotation = Quaternion(0.707107, -2.29302e-07, -4.60551e-08, 0.707107)
bones/30/position = Vector3(0.202182, 0.0259903, 0.205181)
bones/30/rotation = Quaternion(-0.707107, -7.05285e-08, -7.05285e-08, 0.707107)
bones/31/rotation = Quaternion(9.65792e-09, 1.77955e-09, 0.985719, -0.168398)
bones/32/position = Vector3(-2.60494e-08, 0.213436, -5.1715e-09)
bones/32/rotation = Quaternion(-1.01273e-07, 0.391084, 0.920355, -3.35091e-08)
bones/33/position = Vector3(8.58988e-09, 0.16565, -2.40963e-09)
bones/34/rotation = Quaternion(1, -2.33136e-09, 1.99777e-07, -1.34211e-15)
bones/36/rotation = Quaternion(0.707107, -3.82385e-08, 1.45009e-07, 0.707107)
bones/37/rotation = Quaternion(-0.707107, -7.05285e-08, -7.05285e-08, 0.707107)
bones/38/rotation = Quaternion(-5.83589e-09, 6.43837e-10, 0.994809, 0.101756)
bones/39/position = Vector3(-1.11482e-08, 0.213436, -2.50942e-15)
bones/39/rotation = Quaternion(-1.05796e-07, 0.391084, 0.920355, -2.58643e-08)
bones/40/position = Vector3(-6.31128e-09, 0.16565, 2.70695e-09)
bones/41/rotation = Quaternion(1, 3.76526e-09, 1.94879e-07, 7.45058e-09)
bones/43/rotation = Quaternion(-0.707107, -7.27951e-08, -7.27951e-08, 0.707107)
bones/44/position = Vector3(0.520841, 0.777792, -0.0576374)
bones/44/rotation = Quaternion(0.794627, -1.11759e-07, 0.607098, -5.96046e-08)
bones/45/rotation = Quaternion(-0.707107, -7.27951e-08, -7.27951e-08, 0.707107)
bones/46/position = Vector3(-0.510844, 0.777792, 0.0597369)
bones/46/rotation = Quaternion(0.758253, 1.52737e-07, -0.651961, 1.11759e-08)

[node name="Knife_Offhand" parent="RogueCharacter/Rogue/Rig/Skeleton3D" index="0"]
transform = Transform3D(3.10852e-05, 0.262948, 0.964809, 0.999916, -0.0124185, 0.00335263, 0.0128633, 0.96473, -0.262926, 0.507578, 0.625598, -0.019605)

[node name="1H_Crossbow" parent="RogueCharacter/Rogue/Rig/Skeleton3D" index="1"]
transform = Transform3D(0.987575, -0.157135, 0.00166619, 0.000576135, -0.00697979, -0.999975, 0.157143, 0.987552, -0.00680278, -0.489608, 0.734439, 0.0960066)

[node name="2H_Crossbow" parent="RogueCharacter/Rogue/Rig/Skeleton3D" index="2"]
transform = Transform3D(0.987575, -0.157135, 0.00166619, 0.000576135, -0.00697979, -0.999975, 0.157143, 0.987552, -0.00680278, -0.489608, 0.734439, 0.0960066)

[node name="Knife" parent="RogueCharacter/Rogue/Rig/Skeleton3D" index="3"]
transform = Transform3D(-0.00166618, -0.157135, 0.987575, 0.999975, -0.00697964, 0.000576156, 0.00680263, 0.987552, 0.157143, -0.491061, 0.629741, 0.105524)

[node name="Throwable" parent="RogueCharacter/Rogue/Rig/Skeleton3D" index="4"]
transform = Transform3D(-0.00166617, -0.157135, 0.987575, 0.999975, -0.00697963, 0.000576141, 0.00680262, 0.987552, 0.157143, -0.519384, 0.628483, 0.283527)

[node name="Rogue_Cape" parent="RogueCharacter/Rogue/Rig/Skeleton3D" index="5"]
transform = Transform3D(0.996275, -5.14962e-09, 0.0862353, 5.13043e-09, 1, 4.44077e-10, -0.0862353, 1.88007e-15, 0.996275, -4.17227e-09, 1.19761, 1.52591e-15)

[node name="AnimationTree" parent="RogueCharacter" index="1" node_paths=PackedStringArray("character")]
parameters/current_position = 0.916654
parameters/current_delta = 0.0102097
parameters/Idle/current_position = 0.916654
parameters/Idle/current_delta = 0.0102097
character = NodePath("../..")

[editable path="RogueCharacter"]
[editable path="RogueCharacter/Rogue"]
