[gd_scene load_steps=9 format=3 uid="uid://cwtgvhjnas5q3"]

[ext_resource type="PackedScene" uid="uid://bfsoj2df8q3nx" path="res://Assets/KayKitAdventurersFREE/Rogue.glb" id="1_sk5xq"]
[ext_resource type="Script" path="res://RogueCharacter/RogueAnimationTree.gd" id="2_oc6ew"]

[sub_resource type="AnimationNodeAnimation" id="AnimationNodeAnimation_loagd"]
animation = &"Idle"

[sub_resource type="AnimationNodeAnimation" id="AnimationNodeAnimation_01w8t"]
animation = &"Running_A"

[sub_resource type="AnimationNodeStateMachineTransition" id="AnimationNodeStateMachineTransition_rbm0l"]
advance_mode = 2

[sub_resource type="AnimationNodeStateMachineTransition" id="AnimationNodeStateMachineTransition_i3o47"]
xfade_time = 0.1
advance_mode = 2
advance_expression = "character.velocity.length() > 0.0"

[sub_resource type="AnimationNodeStateMachineTransition" id="AnimationNodeStateMachineTransition_ojjnu"]
xfade_time = 0.2
advance_mode = 2
advance_expression = "character.velocity.is_zero_approx()"

[sub_resource type="AnimationNodeStateMachine" id="AnimationNodeStateMachine_pscvs"]
states/Idle/node = SubResource("AnimationNodeAnimation_loagd")
states/Idle/position = Vector2(340, 100)
states/Running_A/node = SubResource("AnimationNodeAnimation_01w8t")
states/Running_A/position = Vector2(340, 196)
transitions = ["Start", "Idle", SubResource("AnimationNodeStateMachineTransition_rbm0l"), "Idle", "Running_A", SubResource("AnimationNodeStateMachineTransition_i3o47"), "Running_A", "Idle", SubResource("AnimationNodeStateMachineTransition_ojjnu")]
graph_offset = Vector2(1, 25)

[node name="RogueNavmeshCharacter" type="Node3D"]

[node name="Rogue" parent="." instance=ExtResource("1_sk5xq")]
transform = Transform3D(0.7, 0, 0, 0, 0.7, 0, 0, 0, 0.7, 0, 0, 0)

[node name="Skeleton3D" parent="Rogue/Rig" index="0"]
bones/1/position = Vector3(0, 0.372694, 0)
bones/1/rotation = Quaternion(-1.11123e-10, 0.0431578, 2.57241e-09, 0.999068)
bones/2/rotation = Quaternion(-6.93889e-18, 7.10543e-15, 4.93038e-32, 1)
bones/3/rotation = Quaternion(8.27181e-25, 3.72529e-09, 0, 1)
bones/4/position = Vector3(0.212007, 0.134132, 7.92996e-08)
bones/4/rotation = Quaternion(-0.550773, -0.0599788, -0.650065, 0.520065)
bones/5/rotation = Quaternion(3.18506e-08, -5.44432e-08, -0.492362, 0.870391)
bones/7/rotation = Quaternion(-0.318046, -0.3343, 0.139983, 0.876068)
bones/8/position = Vector3(8.34843e-10, 0.0961252, -0.0575)
bones/8/rotation = Quaternion(0.00153312, 0.00153311, -0.701456, 0.71271)
bones/10/position = Vector3(-0.212007, 0.134132, 8.6814e-08)
bones/10/rotation = Quaternion(-0.610022, 0.0803092, 0.624013, 0.481697)
bones/11/rotation = Quaternion(1.14027e-08, 6.97181e-08, 0.515688, 0.856777)
bones/13/rotation = Quaternion(-0.316955, 0.30918, -0.2219, 0.868739)
bones/14/position = Vector3(-1.5736e-08, 0.0961251, -0.0575)
bones/14/rotation = Quaternion(0.00450005, 0.0053004, 0.70241, 0.711738)
bones/19/rotation = Quaternion(-5.8061e-11, -0.0313416, -1.88013e-09, 0.999509)
bones/21/position = Vector3(0.170945, 0.113587, 1.59941e-08)
bones/21/rotation = Quaternion(0.990347, 0.0834714, 0.0781796, 0.0783199)
bones/22/rotation = Quaternion(0.371914, 6.27528e-08, -2.57158e-07, 0.928267)
bones/23/rotation = Quaternion(-0.609378, -0.202204, 0.072535, 0.763224)
bones/24/rotation = Quaternion(-9.74126e-09, 0.920355, -0.391084, 7.8309e-08)
bones/25/position = Vector3(-0.170945, 0.113587, 1.55755e-08)
bones/25/rotation = Quaternion(0.992364, -0.0328208, 0.0300261, 0.11504)
bones/26/rotation = Quaternion(0.4185, -6.03147e-08, 2.91469e-07, 0.908217)
bones/27/rotation = Quaternion(-0.636321, 0.112856, -0.0213846, 0.762825)
bones/28/rotation = Quaternion(3.03597e-08, 0.920355, -0.391084, -6.95338e-08)
bones/29/rotation = Quaternion(0.707107, -2.29302e-07, -4.60551e-08, 0.707107)
bones/30/position = Vector3(0.202182, 0.0259903, 0.205181)
bones/30/rotation = Quaternion(-0.707107, -7.05285e-08, -7.05285e-08, 0.707107)
bones/31/rotation = Quaternion(9.65792e-09, 1.77955e-09, 0.985719, -0.168398)
bones/32/position = Vector3(-2.60494e-08, 0.213436, -5.1715e-09)
bones/32/rotation = Quaternion(-1.01273e-07, 0.391084, 0.920355, -3.35091e-08)
bones/33/position = Vector3(8.58988e-09, 0.16565, -2.40963e-09)
bones/34/rotation = Quaternion(1, -2.33136e-09, 1.99777e-07, -1.34211e-15)
bones/36/rotation = Quaternion(0.707107, -3.82385e-08, 1.45009e-07, 0.707107)
bones/37/rotation = Quaternion(-0.707107, -7.05285e-08, -7.05285e-08, 0.707107)
bones/38/rotation = Quaternion(-5.83589e-09, 6.43837e-10, 0.994809, 0.101756)
bones/39/position = Vector3(-1.11482e-08, 0.213436, -2.50942e-15)
bones/39/rotation = Quaternion(-1.05796e-07, 0.391084, 0.920355, -2.58643e-08)
bones/40/position = Vector3(-6.31128e-09, 0.16565, 2.70695e-09)
bones/41/rotation = Quaternion(1, 3.76526e-09, 1.94879e-07, 7.45058e-09)
bones/43/rotation = Quaternion(-0.707107, -7.27951e-08, -7.27951e-08, 0.707107)
bones/44/position = Vector3(0.520841, 0.768031, -0.0576374)
bones/44/rotation = Quaternion(0.794627, -1.11759e-07, 0.607098, -5.96046e-08)
bones/45/rotation = Quaternion(-0.707107, -7.27951e-08, -7.27951e-08, 0.707107)
bones/46/position = Vector3(-0.510844, 0.76803, 0.0597369)
bones/46/rotation = Quaternion(0.758253, 1.52737e-07, -0.651961, 1.11759e-08)

[node name="Knife_Offhand" parent="Rogue/Rig/Skeleton3D" index="0"]
transform = Transform3D(-1.13229e-06, 0.262867, 0.964832, 0.999863, -0.0159111, 0.0043364, 0.0164916, 0.9647, -0.262831, 0.507286, 0.615852, -0.0189182)
visible = false

[node name="1H_Crossbow" parent="Rogue/Rig/Skeleton3D" index="1"]
transform = Transform3D(0.986527, -0.163566, 0.00318425, 0.0010395, -0.0131948, -0.999912, 0.163594, 0.986443, -0.0128473, -0.489264, 0.724879, 0.0973451)
visible = false

[node name="2H_Crossbow" parent="Rogue/Rig/Skeleton3D" index="2"]
transform = Transform3D(0.986527, -0.163566, 0.00318425, 0.0010395, -0.0131948, -0.999912, 0.163594, 0.986443, -0.0128473, -0.489264, 0.724879, 0.0973451)
visible = false

[node name="Knife" parent="Rogue/Rig/Skeleton3D" index="3"]
transform = Transform3D(-0.00318424, -0.163566, 0.986527, 0.999912, -0.0131946, 0.00103952, 0.0128471, 0.986444, 0.163594, -0.490625, 0.620123, 0.106219)
visible = false

[node name="Throwable" parent="Rogue/Rig/Skeleton3D" index="4"]
transform = Transform3D(-0.00318422, -0.163566, 0.986527, 0.999912, -0.0131946, 0.00103951, 0.0128471, 0.986443, 0.163594, -0.520107, 0.617745, 0.284022)
visible = false

[node name="Rogue_Cape" parent="Rogue/Rig/Skeleton3D" index="5"]
transform = Transform3D(0.996275, -5.14962e-09, 0.0862353, 5.13043e-09, 1, 4.44077e-10, -0.0862353, 1.88007e-15, 0.996275, -4.17227e-09, 1.1829, 1.52591e-15)
visible = false

[node name="AnimationTree" type="AnimationTree" parent="."]
root_node = NodePath("../Rogue")
tree_root = SubResource("AnimationNodeStateMachine_pscvs")
anim_player = NodePath("../Rogue/AnimationPlayer")
parameters/current_length = 1.06667
parameters/current_position = 0.683462
parameters/current_delta = 0.0136364
parameters/End/current_length = null
parameters/End/current_position = null
parameters/End/current_delta = null
parameters/Idle/current_length = 1.06667
parameters/Idle/current_position = 0.683462
parameters/Idle/current_delta = 0.0136364
parameters/Running_A/current_length = null
parameters/Running_A/current_position = null
parameters/Running_A/current_delta = null
parameters/Start/current_length = 0.0
parameters/Start/current_position = 0.0
parameters/Start/current_delta = 0.0
script = ExtResource("2_oc6ew")

[editable path="Rogue"]
